12
14.5
17
19.5
22
24.5
27
29.5
32
34.5
47.5
47.5
50
50
52.5
52.5
55
55
57.5
57.5
60
60
62.5
62.5
65
65
67.5
67.5
70
70
83
83
85.5
85.5
88
88
90.5
90.5
93
93
95.5
95.5
98
98
100.5
100.5
103
103
105.5
105.5
118.5
118.5
121
121
123.5
123.5
126
126
128.5
128.5
131
131
133.5
133.5
136
136
138.5
138.5
141
141
154
154
156.5
156.5
159
159
161.5
161.5
164
164
166.5
166.5
169
169
171.5
171.5
174
174
176.5
176.5
189.5
192
194.5
197
199.5
202
204.5
207
209.5
212
