81
83.5
86
88.5
91
93.5
96
98.5
101
103.5
103.5
87.5
101
85
98.5
82.5
96
80
93.5
77.5
91
75
88.5
72.5
86
70
83.5
67.5
81
65
65
49
67.5
51.5
70
54
72.5
56.5
75
59
77.5
61.5
80
64
82.5
66.5
85
69
87.5
71.5
71.5
55.5
69
53
66.5
50.5
64
48
61.5
45.5
59
43
56.5
40.5
54
38
51.5
35.5
49
33
33
17
35.5
19.5
38
22
40.5
24.5
43
27
45.5
29.5
48
32
50.5
34.5
53
37
55.5
39.5
39.5
37
34.5
32
29.5
27
24.5
22
19.5
17